time:2024-11-26 17:42:18,epoch:15, train_loss:0.4512060948088188
time:2024-11-26 17:42:18,epoch:15, f1_score:0.8983167879408469
